[don't edit this file; potentially dangerous and may break the gantry!]

[ratio]
x=7.49625
y=8.19672
z=13.15789

[maxVel]
x=2000
y=2000
z=2000

[maxAccel]
x=2000
y=2000
z=2800

[limit]
x=22463
y=14704
z=15829

[soft_limits]
zone1=200
zone1_max_accel=10
zone2=100
